28.268418095563444 0.7508639962931882
26.24537719811709 4.095878884628141
24.745363791576352 5.604152456231776
21.332510019285888 8.451957758324152
20.09577848145526 10.18928564301236
17.53358348280181 12.674112682150772
16.070312128557152 13.821602268616658
13.38200370891463 16.039500281246564
12.54713470624945 17.8430672290754
11.16523660926129 18.17940047221052
13.44827820795278 22.987433239336877
14.486330424892849 23.639161287174257
17.45339895174818 28.03346931060861
18.36365030441744 27.586267084229586
23.020251410809493 34.08230486208431
25.761220203743527 36.87310032594248
29.48142714746414 39.77833541635254
31.259161143319595 41.41375881567111
36.42681548932154 47.04167096275615
30.448454848651508 40.15666772892033
35.23393333404547 44.79862099226502
38.87288850741064 48.38984348134464
49.799374000718764 40.83960092364579
42.24338298927043 47.55512868499273
43.05941124779963 46.50615442113002
45.184989479138515 44.296832033269055
48.000941817652595 42.450364992055896
50.770755830797434 39.428801189567984
52.6459578292755 38.145891972018106
55.50027640672588 34.21891221552844
58.12461454261476 32.42284192995697
58.48557420347018 30.71537100619574
58.68568871010711 28.604410771312505
56.69522539871568 26.63090536042385
53.08145026595708 23.295908975780268
46.45494415387144 16.04698145069834
44.702544217277605 14.348567438102926
41.630039198743226 12.014276324610051
39.51057925470487 9.629816703851414
36.83078727671866 6.973178848089364
33.91248679202415 3.816534400289772
31.36047874901284 1.6772747691191139
