28.382169953385162 1.4343383218448689
25.6586002674071 4.272762538632214
24.263877828382977 5.131904472453964
22.61166496358146 7.956592064202443
19.601755115442376 9.81664675005769
16.97824016557012 12.871901274951398
16.913528231116757 14.584055848087752
13.948984199922542 15.958757143736117
13.188307659609746 17.637070736010628
10.740790015312097 19.508643257710066
13.033730379013969 22.468538737635463
13.218464351105691 23.193057961950405
16.800804321885032 28.120252886464815
17.52699700789713 27.23091844812471
23.22157144557251 33.16102319496245
26.06232803150278 36.740170827798536
29.461133574357305 40.170838294703834
31.55828756488026 40.234001084360045
36.85897196274864 46.407169595778846
31.254770856898464 41.34290920497486
34.9796269226184 45.230890031788306
38.26036623556094 49.151785135582095
48.94601296769468 39.84697567547832
42.821790509849585 48.880741643812286
42.69510666183571 46.49092014928189
46.088481546800885 45.066241419487504
47.69428721276616 42.59628078412429
50.65819089418674 40.0677556031392
52.18761507815002 37.0632041931203
56.003340804725084 34.56275402833043
57.35730668776957 33.24528661503525
59.3524140940518 30.412574698083287
57.690663329463504 28.698123729029064
56.68835093281803 27.271541307358774
53.79150345694256 24.103458857127084
45.739240024605486 17.052641712000085
44.95665789572726 15.194332975457169
42.040203351813304 12.135241790963368
39.80998610691332 9.133049083124936
37.006103691860126 6.081021258148164
33.61094349174575 3.3949743332363447
31.35774707830008 1.309129768079453
