28.01126843200326 2.027891550824948
26.18587049000723 4.505700075154576
23.690774226208433 6.009347932131415
22.031203285991907 8.32082134186054
20.927591156193987 9.748031041117374
16.587169790733547 12.732570042284072
14.918420863265478 12.635023413366394
13.869495795169026 16.110331314791136
12.292852088859995 18.06301165147387
12.56304395456061 18.627172166394747
11.519513804684115 21.543489124059263
13.951284613244008 24.71147257247158
18.096121612279486 28.63961230976511
16.918044571784765 28.801491540360956
22.965929964369302 34.03328240485498
26.92482470506168 35.3522583443386
29.114109371105346 38.44364194779478
30.670876803498125 41.38982195245379
36.365217108955896 46.24112346236771
30.66532547897485 41.7422148570426
35.74766761367608 46.27327106826418
37.60636530649608 47.368591139254455
50.90227686701535 41.69550748632859
42.89762239189455 46.60052162371367
42.77106852876219 46.55723544180003
44.777946662887125 43.321639105728686
49.51988944339711 42.464100884950746
49.042358443227144 40.192952724594505
52.81041326824674 38.9363133948709
55.37418649218346 34.004334811397364
56.25900101958614 31.798097529621632
59.40142238672247 31.157573184192014
58.852163919187085 26.89748909043813
56.97495886091715 25.667766043496485
52.941176281396736 21.947533199060913
47.157344859760954 17.739719121417977
43.416019837099434 12.937914420764857
41.430264747309074 12.66079032737204
38.54117437872939 10.341636058176777
37.645698992926285 7.732244177309537
34.283077245447636 4.314946446749487
32.005963360541585 1.2651368796556648
