28.974179165937596 1.7290306920630512
25.9536436430922 4.135226726616993
24.214272684503932 5.921418279826382
21.13352504383592 8.730927259149782
19.018229426475855 10.470012163145675
17.894260148997983 13.085219914194877
16.457011894012858 14.340429542666504
14.41433164495466 15.957924634841417
12.973534621504715 17.752971226278447
11.252269536209925 18.151782595247504
12.81972360986842 22.68319753727022
14.579609422398024 24.570110015563824
17.938518329392053 27.02792163963195
17.429713333677018 27.533367356478315
23.978175000399165 33.24093155375604
26.681402438078905 36.704955832689
30.26082095149237 39.703759580864194
30.47119140766503 41.11838017290339
36.86977039705083 47.02919753386467
31.26995673359123 40.845197613796756
35.13372089340534 44.88256205134673
38.523924032975096 48.515575800880605
49.26713267544913 39.83434048152248
42.1650850512576 47.960498352460505
43.55508168861276 46.79117196074949
45.08449653824825 44.83373936890552
48.70814664447503 42.36954598882195
50.25483508860704 39.34100676482058
52.37429626073167 37.36614686221543
54.97613044952116 34.2679153734427
57.01707433789458 32.75524163025688
58.1927785701019 30.7575401733392
58.033013809574754 28.87596782949241
56.82148367659438 26.38495870790644
52.96897854171711 23.14005080441565
46.28091495624446 16.3377546923574
44.41094755093994 13.758483715021544
41.932125734843986 12.792800156714469
38.991521897279995 8.488198295923429
36.71989031845412 6.903525236624768
34.53860712155915 4.795288058556796
31.78440045143384 1.7043546663067515
