28.421845510722733 0.5306424509103398
26.88438903264588 3.0869956843785555
23.930993399157007 6.217608279519393
21.636897088074324 8.398666648122829
19.583723740419494 10.746052499702532
17.96019474390127 12.741718583830442
16.715484221955272 14.172784727207324
13.270772225581023 16.297091091768387
11.915931945167708 18.184831602750325
11.421724935250934 19.148912910443133
12.172999290794396 22.419278106695288
14.432788146580476 24.5727946674754
18.082243280188166 27.565018797150028
17.788827721690907 27.414461275375235
24.305846845983687 32.89001663224323
26.465179694006952 36.281876772984205
30.302449980933684 39.80152948966946
30.496984815141197 41.11540579467612
37.69098348536654 46.64270855479759
30.83124620722909 41.35902958675161
35.35522903333428 45.73325864960597
39.044681799662996 49.20181362946246
48.673957175914445 40.57872667600018
42.391717854104854 47.612240075412714
43.741178517996836 46.65042314770031
44.95199188227667 43.97316438183113
48.640336690668185 41.47978678394608
50.90419465211115 40.0276682127186
51.66367977383947 37.46039761612503
55.072054539725386 35.34030408237541
57.76168968281678 31.74761737507156
59.19601014684734 30.870389876244847
58.64858419542594 27.722865334620156
56.04686457816545 26.007718519081898
54.11097643615493 22.77228570424473
47.037647910506834 16.248297335603226
43.67697730303545 14.380100787344327
41.879160152187595 11.466546821597008
38.503116018604416 8.397128849931141
36.32920091263151 6.882981915053608
34.54674371064123 3.5623311576076997
31.589642460226795 1.6036972252758583
