28.8191468405456 1.2120999531081282
26.171592193506527 3.7198958368527517
24.267198252521464 5.703297985633429
21.740522182426936 8.181728327372422
19.5233115875363 10.326878614659586
17.12153764001778 12.818485767860764
16.15673153017588 13.83352704306452
13.831296452909836 16.125534206564815
12.576061259444272 17.579004825372575
11.397329333270367 18.62965259968355
12.927037677520742 22.785044145806054
13.942623113406933 23.86411905838551
17.599038508500815 27.54902902184869
18.120065971598933 28.111206370529395
23.566062272709065 33.493211291958026
26.38208230373982 36.350863951119806
29.798943364043346 39.67391427248594
31.084017288218348 41.04768819514224
36.8253357194065 46.9026210341219
30.72922842730059 40.678174373805106
35.11379993673143 45.13580173226733
38.9135875601199 48.76618526829785
49.44799211682528 40.463320754508594
41.91032429857603 47.95591607457486
43.38857732577282 46.674869641328506
45.521867739788725 44.48214177652772
48.08733566131709 41.91494996569716
50.30984097391377 39.73509283098319
52.29069842430888 37.75314345244027
55.18416789011344 34.77166623682121
57.57370379285682 32.42798812751943
58.63838476700792 31.389923084887428
58.289008993304435 28.241591392030998
56.629609362149246 26.698616631699316
53.40669397044073 23.383173126106193
46.45882719077761 16.378094002897168
44.4046766074251 14.282221970274197
42.11674277746839 12.145156104549656
39.20487376465856 9.132346097431801
36.55192705399184 6.688354161438243
34.226490637498 4.133274781488698
31.247984095355463 1.2473746499544782
