28.81099806908783 1.2521229893180112
26.171910974808558 3.8191355255879444
24.324698762081216 5.660519690950377
21.761078069356508 8.319857444350646
19.587643639441694 10.420248739802354
17.176906375607704 12.7540166483167
16.095511213679902 13.92316933933918
13.866875027887648 16.105019456898468
12.453021841593847 17.55206960077867
11.36020987532924 18.714251607288904
12.802905828867162 22.866729669730066
13.982019283139277 23.968216045389713
17.577104098964124 27.57092994808056
18.05547386625134 28.098323984203834
23.569544428134197 33.53583359315899
26.319738179869645 36.333834789897374
29.714552204943892 39.7060850707829
31.019491813519192 41.05005934136447
36.845803492269766 46.95476716387825
30.66264919152879 40.685699449792295
35.099398569498995 45.10143504934425
38.903201620920065 48.904601772220055
49.46854770369438 40.58027213035429
41.9951080060351 48.03065171344794
43.35058839154959 46.61166658208106
45.55110231943459 44.5042911301953
48.05970195226611 42.00028476483729
50.269856028758674 39.75302734438713
52.3187775997333 37.72564107970841
55.226355064399534 34.763782617976204
57.58261073047444 32.423772005591694
58.66676063113392 31.33651776744705
58.30006162598323 28.252975895481157
56.68885148920366 26.67478581465202
53.32790343034148 23.28091175503466
46.44217519054623 16.471716408932675
44.29800483857572 14.399391757261272
42.159288351405195 12.155900389208877
39.17291188115265 9.098419255911967
36.577840149434785 6.651808920402585
34.156856063602696 4.173499903702281
31.192371469473365 1.2531747076523683
