28.42476942960995 1.066148273366173
25.797317179181345 3.447241441958735
24.759159299482512 5.654866123345734
21.321537643947323 8.452293466765774
19.142495546477292 10.840665255804987
17.000812584319856 12.328732347971183
16.212331875642207 13.722743203245278
13.343250087770953 16.30235710197601
12.719829481934674 17.249576360849534
11.579975090717063 18.714567205407988
12.426390569629095 23.28594453059602
14.264834354907885 23.857667874025196
17.681355566843735 27.45279872918342
18.292529756010495 28.537688631855733
23.943359217235287 33.71176454223882
26.589722158993006 36.10928622902261
30.1449782252115 40.12129189350683
31.306444644873462 40.73395053955832
36.6501964274224 47.16821747062783
30.598490697489645 41.02684773363335
34.96502781085528 45.03820359907927
38.93176832509781 49.145615620280644
49.44453362359596 40.77230575941736
41.86537909729815 47.8756259448207
43.390273673182605 47.049508349653365
45.416723813809675 44.2749625209469
47.7143647113402 41.870585207167686
49.97338445143979 40.0077002693201
52.18379693334065 37.25431205130801
55.4997664364509 34.56770823812928
57.361434250677135 32.68720568321038
58.96057434087765 31.174753593193522
58.67817723284285 28.123508210973036
56.34410058216644 26.888013644308252
53.65884915254768 23.31888565101649
46.09006266006788 16.861317740807415
44.11917303320471 14.735966193359388
41.9635716093517 12.285395182843738
39.19910441022065 9.108694193728128
36.43650970142094 6.38155192628562
34.555735372610414 4.313020251929826
30.763760845762068 0.723465229191729
