7.8725214208769 17.0
7.15026116232849 22.0
1.0 17.544134341264296
11.0 19.552228962141708
4.581306738332307 17.0
10.94956920482428 22.0
1.0 20.896993929752895
11.0 17.294765238446566
9.65907965943816 17.0
4.883316987814139 22.0
1.0 17.374278903424223
11.0 17.16892827367932
4.058321053120539 17.0
9.05581528585606 22.0
1.0 21.283845985324763
11.0 21.17075886704568
2.6576016419564423 17.0
9.982201684467958 22.0
1.0 18.8688317794619
11.0 18.60891878049043
2.8008379031570785 17.0
7.305436841506915 22.0
1.0 19.697592844565445
11.0 20.757803743242768
